# convert peak ADC count to eq. muon using linear eq:   muon=m(peak)+b
# det // m // b
1   0.06    -1.49
2   0.05    -1.37
3   0.05    -1.10
4   0.06    -1.18
5   0.06    -1.26
6   0.07    1.96
7   0.06    -1.74
8   0.06    -1.61
9   0.06    -1.62
10  0.05    -1.24
11  0.06    -1.54
12  0.06    -1.44
13  0.06    -1.33
14  0.06    -1.22
15  0.05    -0.86
16  0.06    -0.98
17  0.05    -0.77
18  0.04    -0.68
19  0.05    -0.76
20  0.04    -0.46
21  0   0
22  0   0
23  0   0
24  0   0
25  0   0
26  0   0
27  0   0
28  0   0
29  0   0
30  0   0
31  0   0
32  0   0
33  0   0
34  0   0
35  0   0
36  0   0
37  0   0
38  0   0
39  0   0
40  0   0
